$Dimension
2
$NodesByRow
300
$NodesByCol
300
$NumberStages
30
$NbStepsPerStage
50
$TimeStepSize
0.001
$NumberCells
49
$NumberTypes
3
$NbCellsPerType
24 24 1
$SigmaPerStage
1.0 1.0 1.0 10 10 10
1.0 0.8 1.0 10 10 10
1.0 0.8 1.0 10 10 10
1.0 0.8 1.0 10 10 10
1.0 0.66666666667 1.0 10 10 10
1.0 0.66666666667 1.0 10 10 10
1.0 0.66666666667 1.0 10 10 10
1.0 0.571428571428571 1.0 10 10 10
1.0 0.571428571428571 1.0 10 10 10
1.0 0.571428571428571 1.0 10 10 10
1.0 0.5 1.0 10 10 10
1.0 0.5 1.0 10 10 10
1.0 0.5 1.0 10 10 10
1.0 0.4444444444 1.0 10 10 10
1.0 0.4444444444 1.0 10 10 10
1.0 0.4444444444 1.0 10 10 10
1.0 0.4 1.0 10 10 10
1.0 0.4 1.0 10 10 10
1.0 0.4 1.0 10 10 10
1.0 0.3636363636 1.0 10 10 10
1.0 0.3636363636 1.0 10 10 10
1.0 0.3636363636 1.0 10 10 10
1.0 0.3333333 1.0 10 10 10
1.0 0.3333333 1.0 10 10 10
1.0 0.3333333 1.0 10 10 10
1.0 0.3333333 1.0 10 10 10
1.0 0.3333333 1.0 10 10 10
1.0 0.3333333 1.0 10 10 10
1.0 0.3333333 1.0 10 10 10
1.0 0.3333333 1.0 10 10 10
1.0 0.3333333 1.0 10 10 10
$Fluctuation
0.0
$ErrorTolerance
0.00001
$EpsilonScalingFactor
10
$InitialEpsilonValue
0.000001
$NumberLocalNodes
5
$CellLabel
BOG
$DisplayType
adhsion
$Color
0 0.4471 0.6980 0.9020 0.6235 0 0.8039 0.8039 0.8039